66.80857878628112,40.92405773722825,0
92.239258963484,43.88360644737406,0
75.63768557455403,50.13855759762135,0
85.8153744539349,65.90650900641685,0
91.94401261041195,41.015854116430184,0
61.4785142840763,63.748307618616835,0
80.84877581104911,67.46953001859495,0
120.92399136884602,45.34314683736992,0
62.38730375004441,22.508508459480055,0
66.53815623225844,36.3857662098082,0
115.28445580153692,55.955699482503434,0
116.47522727365623,55.99982935474988,0
80.71808327081142,43.08256292672609,0
78.66639156152644,16.29706454727843,0
76.26825607371228,79.93623348093445,0
55.77371400530875,52.65561712067527,0
108.63180831381447,11.450474831274953,0
78.25712953732369,74.12987828321381,0
51.21392673436074,76.99845483159436,0
81.05505593779276,39.54359747907305,0
110.53629071521368,49.64782608010871,0
91.3293344589118,21.626508551854613,0
91.43889637026146,53.480055111016654,0
52.197491882083284,34.41475218517613,0
75.50287454422043,47.838558185705935,0
118.85817658321926,40.14369316422951,0
80.6702111653844,55.933041583412226,0
93.09653969048898,34.408492862000024,0
93.12471199609215,10.951469073501457,0
47.443231176739275,62.55087238982534,0
61.5757841185535,46.03030421712017,0
121.7775007754891,22.227953109277774,0
104.68773535904529,59.313779697013466,0
66.80648551787564,29.233995662105173,0
73.42718950522324,33.33502264465301,0
70.75278365587664,17.631723297561784,0
92.46451883168413,16.86245169261307,0
83.2865351123524,83.17700502296424,0
65.12662275642899,66.20986371883725,0
111.2389638019615,59.0081929004153,0
69.77596111798407,63.11342404777993,0
98.14715750205193,78.26173936571868,0
74.33650603765547,85.36861723762402,0
74.62015673075456,44.15851472564844,0
114.43325485589497,48.36794249190702,0
115.58432481678675,15.54208006888836,0
118.0858301182311,20.70807984249428,0
116.97331435926908,42.375656021049295,0
50.017770855872904,86.55653631850171,0
96.1576962978075,31.255342163619915,0
113.25923242155513,33.94526220322379,0
90.10950961170974,72.48701385402543,0
75.81801191515672,63.15509146283982,0
90.27622020198046,16.029362183619924,0
58.94893550951949,45.04433031687484,0
110.68463413791412,84.88030949780244,0
62.25607077200509,34.44745622355554,0
53.83621553524994,42.654830051845096,0
73.16327967749439,54.82208505011513,0
73.75729458934744,29.17508841361366,0
120.98908513270582,52.17055945928214,0
54.332625941856804,35.915096966412975,0
68.09782718813629,49.72461709451303,0
124.06647140153558,72.10994514666311,0
68.27347471310682,60.1007880764698,0
67.38060619083961,11.253206138779703,0
121.0120045210573,55.4636925539639,0
47.7691704100948,18.50327970186165,0
100.73265912108735,50.762038541454835,0
114.59267015385049,81.57582769717811,0
78.94119110858917,62.527876466607324,0
71.45634488727777,45.985288935578225,0
97.00238073259078,37.23763912310077,0
65.1092690610311,82.87603701793165,0
77.30586126060187,80.95746070063831,0
101.63431437871529,39.92450703042749,0
107.29013469021774,48.920279078716185,0
76.714276390048,21.46499022282816,0
57.04695007387889,27.803036099457596,0
92.4454931496645,35.22628438113182,0
66.86048886704125,14.205670533235633,0
90.16771347762982,24.37648395911434,0
112.59044255648226,73.29553555245639,0
75.35743760813747,86.84809978367474,0
81.9834700018935,13.012001788964326,0
122.68365368206089,25.363645942912054,0
110.53419294183868,52.24614676073261,0
114.85671947656358,67.03011923819625,0
70.79592598362599,44.85294245061603,0
57.61383386691473,82.44655027915266,0
64.52963425594274,89.27506804070802,0
54.391751963221914,34.18533159614118,0
58.67952598625744,39.933091550727355,0
48.44394285752683,37.65753029627983,0
46.87864329834899,85.61398353091874,0
88.26768949842543,21.419590470972125,0
118.78855464384742,16.280363367132146,0
45.32102925302576,61.060728400366095,0
119.07877319584135,40.787907004814194,0
109.96333735749573,12.364210270704639,0
123.95761446295458,137.24408050674657,1
196.84912578771346,126.3894808088317,1
184.3814692437145,194.43164176876576,1
119.48666009252909,192.7994497009765,1
162.05685020369484,128.36158565427544,1
146.5652644190062,153.2499180957534,1
128.93228148914545,191.95110867052418,1
147.5319098090537,169.4281179635356,1
126.09237103119168,190.39757175825568,1
149.55759217614815,157.46796116610275,1
189.53837023757526,143.7161092010464,1
170.58746262770495,199.23545951570503,1
183.8681200340222,171.01978586862617,1
123.41512001580736,131.50979077177698,1
182.08304426277806,165.83306851299972,1
149.8567134208193,192.88460318016928,1
121.05006146812056,162.48256379910333,1
154.40437830111028,177.7729666637279,1
165.42389824860928,148.85496502057418,1
156.05006920873552,132.1804749003371,1
128.16753540675032,182.95105609413858,1
176.72034901811708,165.01015273664527,1
181.51710553326294,148.73340253521235,1
171.55272510162158,151.13050633265289,1
190.8697800525365,198.6655938215173,1
144.0653370414184,176.0948428497923,1
132.42877755050364,190.69564785427275,1
140.23338174592163,160.66492947276706,1
151.90171316289644,134.13103166207375,1
156.16015174596774,145.61345198522176,1
196.7039528743622,163.12380110293347,1
188.57264676436586,192.64530366351138,1
141.38314123592264,138.52110600416935,1
153.02145773111204,159.91961420187138,1
139.10382554905163,197.05831906189727,1
117.52379915101872,169.32997623955822,1
196.2740566996339,170.58151214512108,1
132.12386161799583,170.29374198025621,1
191.4592519116013,145.5712801998228,1
117.3540461230882,159.0577554604739,1
149.54168136362424,179.02073707174532,1
181.04926304861323,160.18068073466716,1
144.84588264067747,141.14025300655356,1
135.17875664926441,156.04549949398643,1
184.70551711172038,195.07847962649768,1
168.81674601935686,168.10640304437123,1
164.51181850465198,171.99845931122525,1
145.98784515398867,169.65125915798697,1
129.5605790219607,175.53579907650035,1
130.2691161347447,204.9228234143801,1
157.50842617532203,131.53730649486437,1
150.6581679858465,167.75630219514122,1
146.90960194005234,195.53387917638523,1
137.69712047755885,146.62657101154392,1
139.9128057436623,192.93183188083415,1
184.91665878706425,141.38730758988942,1
156.2409147879,182.46772108415257,1
131.44213883385027,183.63568362464866,1
161.13774455763172,127.12542829719382,1
133.24737121918338,150.12135662795586,1
184.0821690605237,194.9854824692437,1
153.62835144933499,172.55288919723017,1
122.43586876562586,151.66487725305558,1
192.74386962557975,160.39755284738206,1
123.31812520853705,180.97977814066812,1
184.30864930031197,197.9888576153027,1
192.8066837881325,188.0935965397743,1
126.5874902969384,152.36274333412788,1
159.50280792576427,144.94470562884192,1
164.68341136617036,200.70908796520112,1
138.01103229125414,131.71098423455703,1
169.76870258968148,145.67599947504408,1
197.08312546956012,156.42470957917328,1
121.72192484517107,161.78404862067885,1
120.3411487874381,146.3638985192129,1
140.20469943764863,143.9443545722154,1
122.44085431202225,173.7857974406527,1
183.95496116547588,151.6182667752622,1
179.18077414935345,190.76837911242427,1
153.7916157004308,186.56231634381598,1
138.74657164513982,162.65612032144176,1
159.2977324611155,128.75002931079857,1
125.80011671097684,194.4832746759721,1
179.3150980564787,201.38819982912693,1
140.04288136498687,139.5520257580712,1
180.9732395904726,155.20047530190345,1
127.03126552111038,165.26253342760486,1
192.8147826962043,170.8429300342962,1
155.6127687305629,142.5666458340251,1
120.06081064380305,189.37475445227483,1
178.35645113751528,181.19170590871863,1
187.9852961223551,138.45661305885744,1
127.17575905682088,157.16930421092118,1
184.2241657825187,133.72369890575234,1
136.07891788838134,163.3027078280865,1
173.01126678199563,154.93812046414678,1
186.1387554536705,161.17418122270027,1
117.97395630611261,185.46812486617404,1
161.8359812485408,154.03779100178448,1
145.70072929307796,187.09513776851685,1
212.37141154547044,86.8388781152953,2
172.31315165889444,37.244783638123906,2
152.67714058029833,52.70785608329087,2
221.71055025952836,45.5306669204245,2
167.49721076519225,38.56939870283687,2
213.89751067222267,103.91580661903502,2
150.46365858436312,88.1941967679583,2
184.30566783512566,116.25730986328155,2
193.54002639871362,92.37097273245251,2
192.0242355318768,50.816769918768,2
227.60688746466616,81.36372806211584,2
196.5810744456688,89.06752610351745,2
162.60371313621965,71.6606354347056,2
200.0471359547062,37.24120559163661,2
218.1797441089901,65.22463708992058,2
179.87984249023555,94.67613628345046,2
168.35225616916784,112.56506057644376,2
150.29917320688813,115.70563472206089,2
164.6182299428761,57.26343765735199,2
229.28730401981466,74.09612611099894,2
199.35917212009917,94.66817606268091,2
190.7676902515414,97.85189311917654,2
176.43111436372354,50.87045954160749,2
216.51412954684213,104.76169861671681,2
176.57779477610478,80.08207806091139,2
187.35498470785046,64.32785957686077,2
168.1055993210325,74.91272638144999,2
194.84756149499145,66.92835634947457,2
196.16426765149225,64.24941413671279,2
153.85743286779913,95.55021967567632,2
150.11840730458312,91.71407734756932,2
214.00196362790825,80.88668568195453,2
161.734026255136,95.31788525619413,2
156.43256818151696,44.95740875733516,2
185.21134896482005,77.22268585350244,2
223.91612475049772,41.2349148529105,2
166.32964582777703,92.86945289665113,2
214.23459714399732,63.51733416371995,2
154.98035463588798,103.08472083751458,2
207.57883951067555,61.34645212107103,2
178.2019089385232,96.69524992147282,2
215.19685084768287,98.56816401556894,2
202.87693061627363,72.98890785354581,2
164.79900230722166,57.96219790754749,2
193.15294778740014,100.5667731876892,2
151.2062027934337,60.009509586171156,2
212.11897122102494,84.98763177454151,2
151.68599682219383,94.9637635801128,2
226.48465516818703,48.32160611482118,2
209.31513464570546,106.53829733516085,2
153.9062466174774,104.01934783389264,2
169.00915919695663,67.80941502466854,2
160.66265443324548,115.11799069562545,2
214.84240661277045,105.02071956056415,2
204.79287067684766,100.38655838326348,2
194.1432787693868,71.60792665253864,2
187.15220518770556,93.75846441592479,2
172.91185032394714,87.10353806156489,2
149.73352806613917,61.82125238289232,2
189.40521092314657,64.22541437797375,2
184.2077778475814,77.99671490748813,2
166.2503568816701,71.2963258920768,2
175.81212299059428,40.96119822413263,2
226.96044484580273,84.704746394741,2
178.34456322055715,41.64770738565567,2
204.15163803977023,104.26484319882256,2
187.87340635981607,113.78290518044938,2
181.97622190127805,79.71768573463285,2
173.97697459328614,113.33205942469924,2
204.06771541985125,105.48540183039535,2
193.99714845670206,76.18183438951883,2
199.98352243691212,75.4854065226734,2
227.60912104595877,51.19168411103054,2
200.09916835711965,65.96027932302562,2
159.9440447713175,51.27923902909741,2
185.8523330960756,39.712553462322994,2
171.94998619688462,55.59799647480814,2
156.79180017167525,64.45261072180902,2
187.64937585425957,93.77661266671575,2
159.91759735519975,61.13154917520538,2
201.47712927495493,51.642531983834864,2
150.11691257339862,114.74835442087542,2
217.04585300116975,68.1266509547329,2
197.6352731379007,48.37989229103687,2
151.45697855315146,80.76475684926336,2
153.60313800090051,81.54215000102215,2
215.70192116338984,69.61508359256598,2
184.35274162987383,86.68167743078196,2
211.73030768440822,107.44135391937458,2
167.14696619746778,83.17098588121715,2
203.81803547335224,69.27131676754229,2
224.14650434261713,106.33907880041262,2
186.3967164919695,88.0824159424733,2
196.74846480766467,110.15091040434922,2
221.0160261432842,56.30330842314615,2
191.70379220981948,81.9913203738512,2
213.9486114917546,80.14409891738426,2
160.93884471983498,56.15445543515426,2
226.46052445550671,68.56298994479984,2
173.98293275562042,39.25120205752951,2
191.93867631940145,62.23073308828805,3
180.43011533786802,80.4809178005727,3
181.04011159016895,66.55760781896734,3
205.7607670675387,100.17537830705523,3
221.07244433045307,96.97472583543487,3
184.73848409659684,48.78685942989637,3
216.32301021721747,68.39193830575573,3
205.7146402077558,95.23902594822707,3
171.09857340325814,65.71915319485646,3
178.2490414396334,73.75117667891524,3
207.63827169367534,91.8388024874682,3
151.26742701903424,67.71786705570162,3
142.70357129194934,95.49178125676167,3
186.28489510243196,57.802259506441175,3
196.7399933213723,57.88581427830207,3
144.29314888733234,97.75334273681871,3
180.4227870341171,88.87857522245179,3
178.03168167063382,76.45906221753017,3
189.2067698817046,73.32759165507065,3
200.69544865509943,42.526896753694174,3
168.4581454233816,91.05460606391316,3
214.66851344238822,67.10266737723524,3
169.77904437023636,84.12911511060602,3
185.3622377990884,105.8581288839662,3
171.99169084205627,76.62860416578333,3
180.7396937276446,97.73022596657792,3
167.41749892953987,35.704177135640094,3
194.9840342590524,71.62829180283522,3
146.90765072610498,34.5767594793991,3
175.0113735114219,109.35266667231448,3
162.17671911782784,51.14668740376524,3
151.73035275054127,81.73646326984448,3
221.01938666483557,52.33058632374281,3
216.30752021552752,96.3412840241152,3
185.82663458771538,78.54803475717867,3
195.15056392514435,93.52774769588653,3
143.5575752800619,75.48547482261132,3
177.9846162894928,88.0648226339732,3
160.89920688127793,99.13470922573228,3
203.49291517387587,75.42165994657464,3
170.43046277523638,33.615848363843085,3
176.68013179039747,84.523815974434,3
187.25935237482548,100.67177708109968,3
215.12109797585174,37.94312968878232,3
204.7129146946068,56.270793104368195,3
202.0059410339641,91.3409501017346,3
200.00761071051605,65.52639184277795,3
216.1825941985573,97.5729948528482,3
189.98647360855117,97.18387851726987,3
212.05759772493542,66.18604468089416,3
202.9045826888356,102.06235295192977,3
187.02449044872998,91.60589986299166,3
197.8214786196313,77.03057321041646,3
145.35223449406857,43.081515040114496,3
144.77936072549463,72.25882302725992,3
160.7201964634704,62.59934811506456,3
171.27383171059265,89.22158591103889,3
174.66110072143664,36.61513468910628,3
160.2733691088015,58.648567759194506,3
179.44089864372285,70.04959955804354,3
211.40987262093046,81.5767740345008,3
157.02404607433377,53.61714626820134,3
167.16860264596022,62.54861768411622,3
177.5404815483622,45.31506131814244,3
206.4664411910281,80.0388272681242,3
152.3419357931587,75.30101467448861,3
151.53447970394797,35.29123294814348,3
186.33928953334373,88.90441754761441,3
207.5863468440158,100.7184520873763,3
186.70917689529514,105.32796884791048,3
208.4106421732782,44.095350950225495,3
153.51216706738194,105.19951385119394,3
218.9645244940517,73.00612935146545,3
197.25232638743557,61.71833620049841,3
193.3411514769175,79.45158501519867,3
172.38067756484708,101.02202693478286,3
170.5136128091813,111.3698822826953,3
189.12696190756884,105.64238822188551,3
215.28658883968316,107.2091422443733,3
175.1438759459209,73.31880958457911,3
203.22284237801753,53.57250139171404,3
175.53043590750167,50.14040296423337,3
220.16859849350686,72.85883923239024,3
164.71302627504457,108.47047234506805,3
196.69140692399776,52.36492422867867,3
202.70144749006673,98.10569921765115,3
191.88969355784238,72.33915210596902,3
157.12439831389804,58.10553487651266,3
185.21477751272022,75.88453228395558,3
179.2175116872055,71.59594355050368,3
196.97274182809394,49.56471515263402,3
172.79786716366357,78.4071388508624,3
148.37579394413984,76.90037115166432,3
187.89345829475513,62.635752551432105,3
195.28941643010234,33.93584650299275,3
199.83983370355904,36.972658786218815,3
183.25927630960211,60.44440748200618,3
157.94828032975033,81.14985325813305,3
153.6720526237767,104.08942352193154,3
172.62525567757393,47.577302336315256,3
